      Values at End of Element:
 Index  name    key                      s       l         s               L        gradient         voltage            phi0              rf
                                                                                                                                   frequency
    47  L0A___1 Lcavity              1.518   0.059  1.517646  5.86460000E-02  1.87418797E+07  1.09913628E+06 -3.05555556E-03  2.85600000E+09
    49  L0A___2 Lcavity              1.717   0.199  1.717000  1.99354000E-01  1.87418797E+07  3.73626868E+06 -3.05555556E-03  2.85600000E+09
    51  L0A___3 Lcavity              2.366   0.649  2.366320  6.49319800E-01  1.87418797E+07  1.21694736E+07 -3.05555556E-03  2.85600000E+09
    54  L0A___4 Lcavity              3.007   0.640  3.006622  6.40302200E-01  1.87418797E+07  1.20004668E+07 -3.05555556E-03  2.85600000E+09
    56  L0A___5 Lcavity              4.158   1.152  4.158468  1.15184640E+00  1.87418797E+07  2.15877667E+07 -3.05555556E-03  2.85600000E+09
    59  L0A___6 Lcavity              4.493   0.335  4.493325  3.34856600E-01  1.87418797E+07  6.27584211E+06 -3.05555556E-03  2.85600000E+09
    61  L0A___7 Lcavity              4.554   0.061  4.554244  6.09190000E-02  1.87418797E+07  1.14173657E+06 -3.05555556E-03  2.85600000E+09
    79  L0B___1 Lcavity              5.362   0.059  5.361844  5.86460000E-02  2.29426458E+07  1.34549441E+06 -3.05555556E-03  2.85600000E+09
    81  L0B___2 Lcavity              5.699   0.337  5.698972  3.37128100E-01  2.29426458E+07  7.73461060E+06 -3.05555556E-03  2.85600000E+09
    84  L0B___3 Lcavity              6.851   1.152  6.850820  1.15184790E+00  2.29426458E+07  2.64264384E+07 -3.05555556E-03  2.85600000E+09
    86  L0B___4 Lcavity              8.002   1.152  8.002383  1.15156300E+00  2.29426458E+07  2.64199021E+07 -3.05555556E-03  2.85600000E+09
    89  L0B___5 Lcavity              8.338   0.335  8.337523  3.35140000E-01  2.29426458E+07  7.68899832E+06 -3.05555556E-03  2.85600000E+09
    91  L0B___6 Lcavity              8.398   0.061  8.398442  6.09190000E-02  2.29426458E+07  1.39764304E+06 -3.05555556E-03  2.85600000E+09
   131  TCAV0   Lcavity             11.147   0.334 11.147489  3.34011800E-01  0.00000000E+00  0.00000000E+00  0.00000000E+00  0.00000000E+00
   134  TCAV0   Lcavity             11.482   0.334 11.481501  3.34011800E-01  0.00000000E+00  0.00000000E+00  0.00000000E+00  0.00000000E+00
   218  K21_1B1 Lcavity             20.787   0.453 20.786646  4.53432000E-01  2.11795730E+07  9.60349612E+06 -6.97222222E-02  2.85600000E+09
   221  K21_1B2 Lcavity             23.202   2.416 23.202414  2.41576800E+00  2.11795730E+07  5.11649346E+07 -6.97222222E-02  2.85600000E+09
   227  K21_1C1 Lcavity             23.831   0.453 23.830760  4.53445800E-01  1.49762197E+07  6.79090390E+06 -6.97222222E-02  2.85600000E+09
   230  K21_1C2 Lcavity             26.247   2.416 26.246514  2.41575420E+00  1.49762197E+07  3.61788655E+07 -6.97222222E-02  2.85600000E+09
   236  K21_1D1 Lcavity             26.791   0.369 26.790749  3.69334800E-01  1.41157549E+07  5.21343951E+06 -6.97222222E-02  2.85600000E+09
   239  K21_1D2 Lcavity             28.798   2.007 28.797987  2.00723820E+00  1.41157549E+07  2.83336824E+07 -6.97222222E-02  2.85600000E+09
   241  K21_1D3 Lcavity             29.086   0.288 29.085559  2.87571600E-01  1.41157549E+07  4.05929022E+06 -6.97222222E-02  2.85600000E+09
   243  K21_1D4 Lcavity             29.466   0.380 29.465514  3.79955400E-01  1.41157549E+07  5.36335729E+06 -6.97222222E-02  2.85600000E+09
   250  L1X___1 Lcavity             30.056   0.297 30.056283  2.97400000E-01  3.19435104E+07  9.50000000E+06 -4.44444444E-01  1.14240000E+10
   253  L1X___2 Lcavity             30.354   0.297 30.353683  2.97400000E-01  3.19435104E+07  9.50000000E+06 -4.44444444E-01  1.14240000E+10
   352  K21_3B1 Lcavity             45.318   0.267 45.317588  2.67200000E-01  2.25135993E+07  6.01563373E+06 -1.15000000E-01  2.85600000E+09
   353  K21_3B2 Lcavity             48.094   2.777 48.094488  2.77690000E+00  2.25135993E+07  6.25180139E+07 -1.15000000E-01  2.85600000E+09
   354  K21_3C  Lcavity             51.139   3.044 51.138588  3.04410000E+00  1.59195187E+07  4.84606070E+07 -1.15000000E-01  2.85600000E+09
   355  K21_3D  Lcavity             54.183   3.044 54.182688  3.04410000E+00  1.59195187E+07  4.84606070E+07 -1.15000000E-01  2.85600000E+09
   361  K21_4A1 Lcavity             54.677   0.327 54.677488  3.26800000E-01  1.59195187E+07  5.20249873E+06 -1.15000000E-01  2.85600000E+09
   363  K21_4A2 Lcavity             55.048   0.371 55.048188  3.70700000E-01  1.59195187E+07  5.90136560E+06 -1.15000000E-01  2.85600000E+09
   365  K21_4A3 Lcavity             57.395   2.347 57.394788  2.34660000E+00  1.59195187E+07  3.73567427E+07 -1.15000000E-01  2.85600000E+09
   366  K21_4B  Lcavity             60.439   3.044 60.438888  3.04410000E+00  1.59195187E+07  4.84606070E+07 -1.15000000E-01  2.85600000E+09
   367  K21_4C  Lcavity             63.483   3.044 63.482988  3.04410000E+00  1.59195187E+07  4.84606070E+07 -1.15000000E-01  2.85600000E+09
   368  K21_4D  Lcavity             66.527   3.044 66.527088  3.04410000E+00  1.59195187E+07  4.84606070E+07 -1.15000000E-01  2.85600000E+09
   374  K21_5A1 Lcavity             67.027   0.332 67.027488  3.32400000E-01  1.59195187E+07  5.29164803E+06 -1.15000000E-01  2.85600000E+09
   376  K21_5A2 Lcavity             67.405   0.378 67.405288  3.77800000E-01  1.59195187E+07  6.01439418E+06 -1.15000000E-01  2.85600000E+09
   378  K21_5A3 Lcavity             69.739   2.334 69.739188  2.33390000E+00  1.59195187E+07  3.71545648E+07 -1.15000000E-01  2.85600000E+09
   379  K21_5B  Lcavity             72.783   3.044 72.783288  3.04410000E+00  1.59195187E+07  4.84606070E+07 -1.15000000E-01  2.85600000E+09
   380  K21_5C  Lcavity             75.827   3.044 75.827388  3.04410000E+00  1.59195187E+07  4.84606070E+07 -1.15000000E-01  2.85600000E+09
   381  K21_5D  Lcavity             78.871   3.044 78.871488  3.04410000E+00  1.59195187E+07  4.84606070E+07 -1.15000000E-01  2.85600000E+09
   387  K21_6A1 Lcavity             79.367   0.328 79.367488  3.28000000E-01  1.59195187E+07  5.22160215E+06 -1.15000000E-01  2.85600000E+09
   389  K21_6A2 Lcavity             79.756   0.389 79.755988  3.88500000E-01  1.59195187E+07  6.18473303E+06 -1.15000000E-01  2.85600000E+09
   391  K21_6A3 Lcavity             82.084   2.328 82.083588  2.32760000E+00  1.59195187E+07  3.70542718E+07 -1.15000000E-01  2.85600000E+09
   392  K21_6B  Lcavity             85.128   3.044 85.127688  3.04410000E+00  1.59195187E+07  4.84606070E+07 -1.15000000E-01  2.85600000E+09
   393  K21_6C  Lcavity             88.172   3.044 88.171788  3.04410000E+00  1.59195187E+07  4.84606070E+07 -1.15000000E-01  2.85600000E+09
   394  K21_6D  Lcavity             91.216   3.044 91.215888  3.04410000E+00  1.59195187E+07  4.84606070E+07 -1.15000000E-01  2.85600000E+09
   400  K21_7A1 Lcavity             91.717   0.334 91.717488  3.33600000E-01  1.59195187E+07  5.31075145E+06 -1.15000000E-01  2.85600000E+09
   402  K21_7A2 Lcavity             91.967   0.250 91.967488  2.50000000E-01  1.59195187E+07  3.97987969E+06 -1.15000000E-01  2.85600000E+09
   404  K21_7A3 Lcavity             94.428   2.461 94.427988  2.46050000E+00  1.59195187E+07  3.91699759E+07 -1.15000000E-01  2.85600000E+09
   405  K21_7B  Lcavity             97.472   3.044 97.472088  3.04410000E+00  1.59195187E+07  4.84606070E+07 -1.15000000E-01  2.85600000E+09
   406  K21_7C  Lcavity            100.516   3.044 100.51619  3.04410000E+00  1.59195187E+07  4.84606070E+07 -1.15000000E-01  2.85600000E+09
   407  K21_7D  Lcavity            103.560   3.044 103.56029  3.04410000E+00  1.59195187E+07  4.84606070E+07 -1.15000000E-01  2.85600000E+09
   413  K21_8A1 Lcavity            104.057   0.329 104.05749  3.29200000E-01  1.59195187E+07  5.24070557E+06 -1.15000000E-01  2.85600000E+09
   415  K21_8A2 Lcavity            104.307   0.250 104.30749  2.50000000E-01  1.59195187E+07  3.97987968E+06 -1.15000000E-01  2.85600000E+09
   417  K21_8A3 Lcavity            106.772   2.465 106.77239  2.46490000E+00  1.59195187E+07  3.92400217E+07 -1.15000000E-01  2.85600000E+09
   418  K21_8B  Lcavity            109.816   3.044 109.81649  3.04410000E+00  1.59195187E+07  4.84606070E+07 -1.15000000E-01  2.85600000E+09
   419  K21_8C  Lcavity            112.861   3.044 112.86059  3.04410000E+00  1.59195187E+07  4.84606070E+07 -1.15000000E-01  2.85600000E+09
   420  K21_8D1 Lcavity            115.247   2.387 115.24749  2.38690000E+00  1.59195187E+07  3.79982993E+07 -1.15000000E-01  2.85600000E+09
   422  K21_8D2 Lcavity            115.497   0.250 115.49749  2.50000000E-01  1.59195187E+07  3.97987968E+06 -1.15000000E-01  2.85600000E+09
   424  K21_8D3 Lcavity            115.905   0.407 115.90469  4.07200000E-01  1.59195187E+07  6.48242803E+06 -1.15000000E-01  2.85600000E+09
   433  K22_1A  Lcavity            121.962   3.044 121.96159  3.04410000E+00  1.59195187E+07  4.84606070E+07 -1.15000000E-01  2.85600000E+09
   434  K22_1B  Lcavity            125.006   3.044 125.00569  3.04410000E+00  1.59195187E+07  4.84606070E+07 -1.15000000E-01  2.85600000E+09
   435  K22_1C  Lcavity            128.050   3.044 128.04979  3.04410000E+00  1.59195187E+07  4.84606070E+07 -1.15000000E-01  2.85600000E+09
   436  K22_1D  Lcavity            131.094   3.044 131.09389  3.04410000E+00  1.59195187E+07  4.84606070E+07 -1.15000000E-01  2.85600000E+09
   442  K22_2A1 Lcavity            131.587   0.326 131.58749  3.25600000E-01  1.59195187E+07  5.18339530E+06 -1.15000000E-01  2.85600000E+09
   444  K22_2A2 Lcavity            131.966   0.378 131.96569  3.78200000E-01  1.59195187E+07  6.02076199E+06 -1.15000000E-01  2.85600000E+09
   446  K22_2A3 Lcavity            134.306   2.340 134.30599  2.34030000E+00  1.59195187E+07  3.72564497E+07 -1.15000000E-01  2.85600000E+09
   447  K22_2B  Lcavity            137.350   3.044 137.35009  3.04410000E+00  1.59195187E+07  4.84606070E+07 -1.15000000E-01  2.85600000E+09
   448  K22_2C  Lcavity            140.394   3.044 140.39419  3.04410000E+00  1.59195187E+07  4.84606070E+07 -1.15000000E-01  2.85600000E+09
   449  K22_2D  Lcavity            143.438   3.044 143.43829  3.04410000E+00  1.59195187E+07  4.84606070E+07 -1.15000000E-01  2.85600000E+09
   455  K22_3A1 Lcavity            143.937   0.331 143.93749  3.31200000E-01  1.59195187E+07  5.27254461E+06 -1.15000000E-01  2.85600000E+09
   457  K22_3A2 Lcavity            144.187   0.250 144.18749  2.50000000E-01  1.59195187E+07  3.97987969E+06 -1.15000000E-01  2.85600000E+09
   459  K22_3A3 Lcavity            146.650   2.463 146.65039  2.46290000E+00  1.59195187E+07  3.92081827E+07 -1.15000000E-01  2.85600000E+09
   460  K22_3B  Lcavity            149.694   3.044 149.69449  3.04410000E+00  1.59195187E+07  4.84606070E+07 -1.15000000E-01  2.85600000E+09
   461  K22_3C  Lcavity            152.739   3.044 152.73859  3.04410000E+00  1.59195187E+07  4.84606070E+07 -1.15000000E-01  2.85600000E+09
   462  K22_3D  Lcavity            155.783   3.044 155.78269  3.04410000E+00  1.59195187E+07  4.84606070E+07 -1.15000000E-01  2.85600000E+09
   468  K22_4A1 Lcavity            156.277   0.327 156.27749  3.26800000E-01  1.59195187E+07  5.20249872E+06 -1.15000000E-01  2.85600000E+09
   470  K22_4A2 Lcavity            156.527   0.250 156.52749  2.50000000E-01  1.59195187E+07  3.97987969E+06 -1.15000000E-01  2.85600000E+09
   472  K22_4A3 Lcavity            158.995   2.467 158.99479  2.46730000E+00  1.59195187E+07  3.92782286E+07 -1.15000000E-01  2.85600000E+09
   473  K22_4B  Lcavity            162.039   3.044 162.03889  3.04410000E+00  1.59195187E+07  4.84606070E+07 -1.15000000E-01  2.85600000E+09
   474  K22_4C  Lcavity            165.083   3.044 165.08299  3.04410000E+00  1.59195187E+07  4.84606070E+07 -1.15000000E-01  2.85600000E+09
   475  K22_4D  Lcavity            168.127   3.044 168.12709  3.04410000E+00  1.59195187E+07  4.84606070E+07 -1.15000000E-01  2.85600000E+09
   481  K22_5A1 Lcavity            168.627   0.332 168.62749  3.32400000E-01  1.59195187E+07  5.29164803E+06 -1.15000000E-01  2.85600000E+09
   483  K22_5A2 Lcavity            168.877   0.250 168.87749  2.50000000E-01  1.59195187E+07  3.97987969E+06 -1.15000000E-01  2.85600000E+09
   485  K22_5A3 Lcavity            171.339   2.462 171.33919  2.46170000E+00  1.59195187E+07  3.91890793E+07 -1.15000000E-01  2.85600000E+09
   486  K22_5B  Lcavity            174.383   3.044 174.38329  3.04410000E+00  1.59195187E+07  4.84606070E+07 -1.15000000E-01  2.85600000E+09
   487  K22_5C  Lcavity            177.427   3.044 177.42739  3.04410000E+00  1.59195187E+07  4.84606070E+07 -1.15000000E-01  2.85600000E+09
   488  K22_5D  Lcavity            180.471   3.044 180.47149  3.04410000E+00  1.59195187E+07  4.84606070E+07 -1.15000000E-01  2.85600000E+09
   494  K22_6A1 Lcavity            180.967   0.328 180.96749  3.28000000E-01  1.59195187E+07  5.22160215E+06 -1.15000000E-01  2.85600000E+09
   496  K22_6A2 Lcavity            181.346   0.379 181.34649  3.79000000E-01  1.59195187E+07  6.03349760E+06 -1.15000000E-01  2.85600000E+09
   498  K22_6A3 Lcavity            183.684   2.337 183.68359  2.33710000E+00  1.59195187E+07  3.72055072E+07 -1.15000000E-01  2.85600000E+09
   499  K22_6B  Lcavity            186.728   3.044 186.72769  3.04410000E+00  1.59195187E+07  4.84606070E+07 -1.15000000E-01  2.85600000E+09
   500  K22_6C  Lcavity            189.772   3.044 189.77179  3.04410000E+00  1.59195187E+07  4.84606070E+07 -1.15000000E-01  2.85600000E+09
   501  K22_6D  Lcavity            192.816   3.044 192.81589  3.04410000E+00  1.59195187E+07  4.84606070E+07 -1.15000000E-01  2.85600000E+09
   507  K22_7A1 Lcavity            193.317   0.334 193.31749  3.33600000E-01  1.59195187E+07  5.31075145E+06 -1.15000000E-01  2.85600000E+09
   509  K22_7A2 Lcavity            193.700   0.383 193.70039  3.82900000E-01  1.59195187E+07  6.09558373E+06 -1.15000000E-01  2.85600000E+09
   511  K22_7A3 Lcavity            196.028   2.328 196.02799  2.32760000E+00  1.59195187E+07  3.70542718E+07 -1.15000000E-01  2.85600000E+09
   512  K22_7B  Lcavity            199.072   3.044 199.07209  3.04410000E+00  1.59195187E+07  4.84606070E+07 -1.15000000E-01  2.85600000E+09
   513  K22_7C  Lcavity            202.116   3.044 202.11619  3.04410000E+00  1.59195187E+07  4.84606070E+07 -1.15000000E-01  2.85600000E+09
   514  K22_7D  Lcavity            205.160   3.044 205.16029  3.04410000E+00  1.59195187E+07  4.84606070E+07 -1.15000000E-01  2.85600000E+09
   520  K22_8A1 Lcavity            205.657   0.329 205.65749  3.29200000E-01  1.59195187E+07  5.24070557E+06 -1.15000000E-01  2.85600000E+09
   522  K22_8A2 Lcavity            206.054   0.397 206.05439  3.96900000E-01  1.59195187E+07  6.31845699E+06 -1.15000000E-01  2.85600000E+09
   524  K22_8A3 Lcavity            208.372   2.318 208.37239  2.31800000E+00  1.59195187E+07  3.69014444E+07 -1.15000000E-01  2.85600000E+09
   525  K22_8B  Lcavity            211.416   3.044 211.41649  3.04410000E+00  1.59195187E+07  4.84606070E+07 -1.15000000E-01  2.85600000E+09
   526  K22_8C  Lcavity            214.461   3.044 214.46059  3.04410000E+00  1.59195187E+07  4.84606070E+07 -1.15000000E-01  2.85600000E+09
   527  K22_8D1 Lcavity            216.847   2.387 216.84749  2.38690000E+00  1.59195187E+07  3.79982993E+07 -1.15000000E-01  2.85600000E+09
   529  K22_8D2 Lcavity            217.097   0.250 217.09749  2.50000000E-01  1.59195187E+07  3.97987968E+06 -1.15000000E-01  2.85600000E+09
   531  K22_8D3 Lcavity            217.505   0.407 217.50469  4.07200000E-01  1.59195187E+07  6.48242803E+06 -1.15000000E-01  2.85600000E+09
   540  K23_1A  Lcavity            223.562   3.044 223.56159  3.04410000E+00  1.59195187E+07  4.84606070E+07 -1.15000000E-01  2.85600000E+09
   541  K23_1B  Lcavity            226.606   3.044 226.60569  3.04410000E+00  1.59195187E+07  4.84606070E+07 -1.15000000E-01  2.85600000E+09
   542  K23_1C  Lcavity            229.650   3.044 229.64979  3.04410000E+00  1.59195187E+07  4.84606070E+07 -1.15000000E-01  2.85600000E+09
   543  K23_1D  Lcavity            232.694   3.044 232.69389  3.04410000E+00  1.59195187E+07  4.84606070E+07 -1.15000000E-01  2.85600000E+09
   549  K23_2A1 Lcavity            233.187   0.326 233.18749  3.25600000E-01  1.59195187E+07  5.18339530E+06 -1.15000000E-01  2.85600000E+09
   551  K23_2A2 Lcavity            233.437   0.250 233.43749  2.50000000E-01  1.59195187E+07  3.97987968E+06 -1.15000000E-01  2.85600000E+09
   553  K23_2A3 Lcavity            235.906   2.469 235.90599  2.46850000E+00  1.59195187E+07  3.92973320E+07 -1.15000000E-01  2.85600000E+09
   554  K23_2B  Lcavity            238.950   3.044 238.95009  3.04410000E+00  1.59195187E+07  4.84606070E+07 -1.15000000E-01  2.85600000E+09
   555  K23_2C  Lcavity            241.994   3.044 241.99419  3.04410000E+00  1.59195187E+07  4.84606070E+07 -1.15000000E-01  2.85600000E+09
   556  K23_2D  Lcavity            245.038   3.044 245.03829  3.04410000E+00  1.59195187E+07  4.84606070E+07 -1.15000000E-01  2.85600000E+09
   562  K23_3A1 Lcavity            245.537   0.331 245.53749  3.31200000E-01  1.59195187E+07  5.27254461E+06 -1.15000000E-01  2.85600000E+09
   564  K23_3A2 Lcavity            245.910   0.373 245.91009  3.72600000E-01  1.59195187E+07  5.93161268E+06 -1.15000000E-01  2.85600000E+09
   566  K23_3A3 Lcavity            248.250   2.340 248.25039  2.34030000E+00  1.59195187E+07  3.72564497E+07 -1.15000000E-01  2.85600000E+09
   567  K23_3B  Lcavity            251.294   3.044 251.29449  3.04410000E+00  1.59195187E+07  4.84606070E+07 -1.15000000E-01  2.85600000E+09
   568  K23_3C  Lcavity            254.339   3.044 254.33859  3.04410000E+00  1.59195187E+07  4.84606070E+07 -1.15000000E-01  2.85600000E+09
   569  K23_3D  Lcavity            257.383   3.044 257.38269  3.04410000E+00  1.59195187E+07  4.84606070E+07 -1.15000000E-01  2.85600000E+09
   575  K23_4A1 Lcavity            257.877   0.327 257.87749  3.26800000E-01  1.59195187E+07  5.20249872E+06 -1.15000000E-01  2.85600000E+09
   577  K23_4A2 Lcavity            258.254   0.377 258.25449  3.77000000E-01  1.59195187E+07  6.00165856E+06 -1.15000000E-01  2.85600000E+09
   579  K23_4A3 Lcavity            260.595   2.340 260.59479  2.34030000E+00  1.59195187E+07  3.72564497E+07 -1.15000000E-01  2.85600000E+09
   580  K23_4B  Lcavity            263.639   3.044 263.63889  3.04410000E+00  1.59195187E+07  4.84606070E+07 -1.15000000E-01  2.85600000E+09
   581  K23_4C  Lcavity            266.683   3.044 266.68299  3.04410000E+00  1.59195187E+07  4.84606070E+07 -1.15000000E-01  2.85600000E+09
   582  K23_4D  Lcavity            269.727   3.044 269.72709  3.04410000E+00  1.59195187E+07  4.84606070E+07 -1.15000000E-01  2.85600000E+09
   588  K23_5A1 Lcavity            270.227   0.332 270.22749  3.32400000E-01  1.59195187E+07  5.29164803E+06 -1.15000000E-01  2.85600000E+09
   590  K23_5A2 Lcavity            270.477   0.250 270.47749  2.50000000E-01  1.59195187E+07  3.97987969E+06 -1.15000000E-01  2.85600000E+09
   592  K23_5A3 Lcavity            272.939   2.462 272.93919  2.46170000E+00  1.59195187E+07  3.91890793E+07 -1.15000000E-01  2.85600000E+09
   593  K23_5B  Lcavity            275.983   3.044 275.98329  3.04410000E+00  1.59195187E+07  4.84606070E+07 -1.15000000E-01  2.85600000E+09
   594  K23_5C  Lcavity            279.027   3.044 279.02739  3.04410000E+00  1.59195187E+07  4.84606070E+07 -1.15000000E-01  2.85600000E+09
   595  K23_5D  Lcavity            282.071   3.044 282.07149  3.04410000E+00  1.59195187E+07  4.84606070E+07 -1.15000000E-01  2.85600000E+09
   601  K23_6A1 Lcavity            282.567   0.328 282.56749  3.28000000E-01  1.59195187E+07  5.22160215E+06 -1.15000000E-01  2.85600000E+09
   603  K23_6A2 Lcavity            282.817   0.250 282.81749  2.50000000E-01  1.59195187E+07  3.97987969E+06 -1.15000000E-01  2.85600000E+09
   605  K23_6A3 Lcavity            285.284   2.466 285.28359  2.46610000E+00  1.59195187E+07  3.92591252E+07 -1.15000000E-01  2.85600000E+09
   606  K23_6B  Lcavity            288.328   3.044 288.32769  3.04410000E+00  1.59195187E+07  4.84606070E+07 -1.15000000E-01  2.85600000E+09
   607  K23_6C  Lcavity            291.372   3.044 291.37179  3.04410000E+00  1.59195187E+07  4.84606070E+07 -1.15000000E-01  2.85600000E+09
   608  K23_6D  Lcavity            294.416   3.044 294.41589  3.04410000E+00  1.59195187E+07  4.84606070E+07 -1.15000000E-01  2.85600000E+09
   614  K23_7A1 Lcavity            294.917   0.334 294.91749  3.33600000E-01  1.59195187E+07  5.31075145E+06 -1.15000000E-01  2.85600000E+09
   616  K23_7A2 Lcavity            295.285   0.367 295.28459  3.67100000E-01  1.59195187E+07  5.84405533E+06 -1.15000000E-01  2.85600000E+09
   618  K23_7A3 Lcavity            297.628   2.343 297.62799  2.34340000E+00  1.59195187E+07  3.73058002E+07 -1.15000000E-01  2.85600000E+09
   619  K23_7B  Lcavity            300.672   3.044 300.67209  3.04410000E+00  1.59195187E+07  4.84606070E+07 -1.15000000E-01  2.85600000E+09
   620  K23_7C  Lcavity            303.716   3.044 303.71619  3.04410000E+00  1.59195187E+07  4.84606070E+07 -1.15000000E-01  2.85600000E+09
   621  K23_7D  Lcavity            306.760   3.044 306.76029  3.04410000E+00  1.59195187E+07  4.84606070E+07 -1.15000000E-01  2.85600000E+09
   627  K23_8A1 Lcavity            307.257   0.329 307.25749  3.29200000E-01  1.59195187E+07  5.24070557E+06 -1.15000000E-01  2.85600000E+09
   629  K23_8A2 Lcavity            307.664   0.406 307.66389  4.06400000E-01  1.59195187E+07  6.46969242E+06 -1.15000000E-01  2.85600000E+09
   631  K23_8A3 Lcavity            309.972   2.308 309.97239  2.30850000E+00  1.59195187E+07  3.67502090E+07 -1.15000000E-01  2.85600000E+09
   632  K23_8B  Lcavity            313.016   3.044 313.01649  3.04410000E+00  1.59195187E+07  4.84606070E+07 -1.15000000E-01  2.85600000E+09
   633  K23_8C  Lcavity            316.061   3.044 316.06059  3.04410000E+00  1.59195187E+07  4.84606070E+07 -1.15000000E-01  2.85600000E+09
   634  K23_8D1 Lcavity            318.447   2.387 318.44749  2.38690000E+00  1.59195187E+07  3.79982993E+07 -1.15000000E-01  2.85600000E+09
   636  K23_8D2 Lcavity            318.697   0.250 318.69749  2.50000000E-01  1.59195187E+07  3.97987969E+06 -1.15000000E-01  2.85600000E+09
   638  K23_8D3 Lcavity            319.105   0.407 319.10469  4.07200000E-01  1.59195187E+07  6.48242803E+06 -1.15000000E-01  2.85600000E+09
   647  K24_1A  Lcavity            325.162   3.044 325.16159  3.04410000E+00  1.59195187E+07  4.84606070E+07 -1.15000000E-01  2.85600000E+09
   648  K24_1B  Lcavity            328.206   3.044 328.20569  3.04410000E+00  1.59195187E+07  4.84606070E+07 -1.15000000E-01  2.85600000E+09
   649  K24_1C  Lcavity            331.250   3.044 331.24979  3.04410000E+00  1.59195187E+07  4.84606070E+07 -1.15000000E-01  2.85600000E+09
   650  K24_1D  Lcavity            334.294   3.044 334.29389  3.04410000E+00  1.59195187E+07  4.84606070E+07 -1.15000000E-01  2.85600000E+09
   656  K24_2A1 Lcavity            334.833   0.372 334.83349  3.71600000E-01  1.59195187E+07  5.91569317E+06 -1.15000000E-01  2.85600000E+09
   658  K24_2A2 Lcavity            335.114   0.281 335.11449  2.81000000E-01  1.59195187E+07  4.47338477E+06 -1.15000000E-01  2.85600000E+09
   660  K24_2A3 Lcavity            337.506   2.392 337.50599  2.39150000E+00  1.59195187E+07  3.80715291E+07 -1.15000000E-01  2.85600000E+09
   661  K24_2B  Lcavity            340.550   3.044 340.55009  3.04410000E+00  1.59195187E+07  4.84606070E+07 -1.15000000E-01  2.85600000E+09
   662  K24_2C  Lcavity            343.594   3.044 343.59419  3.04410000E+00  1.59195187E+07  4.84606070E+07 -1.15000000E-01  2.85600000E+09
   663  K24_2D  Lcavity            346.638   3.044 346.63829  3.04410000E+00  1.59195187E+07  4.84606070E+07 -1.15000000E-01  2.85600000E+09
   669  K24_3A1 Lcavity            347.137   0.331 347.13749  3.31200000E-01  1.59195187E+07  5.27254461E+06 -1.15000000E-01  2.85600000E+09
   671  K24_3A2 Lcavity            347.387   0.250 347.38749  2.50000000E-01  1.59195187E+07  3.97987969E+06 -1.15000000E-01  2.85600000E+09
   673  K24_3A3 Lcavity            349.850   2.463 349.85039  2.46290000E+00  1.59195187E+07  3.92081827E+07 -1.15000000E-01  2.85600000E+09
   674  K24_3B  Lcavity            352.894   3.044 352.89449  3.04410000E+00  1.59195187E+07  4.84606070E+07 -1.15000000E-01  2.85600000E+09
   675  K24_3C  Lcavity            355.939   3.044 355.93859  3.04410000E+00  1.59195187E+07  4.84606070E+07 -1.15000000E-01  2.85600000E+09
   676  K24_3D  Lcavity            358.983   3.044 358.98269  3.04410000E+00  1.59195187E+07  4.84606070E+07 -1.15000000E-01  2.85600000E+09
   682  K24_4A1 Lcavity            359.477   0.327 359.47749  3.26800000E-01  1.59195187E+07  5.20249873E+06 -1.15000000E-01  2.85600000E+09
   684  K24_4A2 Lcavity            359.782   0.305 359.78229  3.04800000E-01  1.59195187E+07  4.85226931E+06 -1.15000000E-01  2.85600000E+09
   686  K24_4A3 Lcavity            362.195   2.413 362.19479  2.41250000E+00  1.59195187E+07  3.84058390E+07 -1.15000000E-01  2.85600000E+09
   687  K24_4B  Lcavity            365.239   3.044 365.23889  3.04410000E+00  1.59195187E+07  4.84606070E+07 -1.15000000E-01  2.85600000E+09
   688  K24_4C  Lcavity            368.283   3.044 368.28299  3.04410000E+00  1.59195187E+07  4.84606070E+07 -1.15000000E-01  2.85600000E+09
   689  K24_4D  Lcavity            371.327   3.044 371.32709  3.04410000E+00  1.59195187E+07  4.84606070E+07 -1.15000000E-01  2.85600000E+09
   695  K24_5A1 Lcavity            371.827   0.332 371.82749  3.32400000E-01  1.59195187E+07  5.29164803E+06 -1.15000000E-01  2.85600000E+09
   697  K24_5A2 Lcavity            372.132   0.305 372.13229  3.04800000E-01  1.59195187E+07  4.85226931E+06 -1.15000000E-01  2.85600000E+09
   699  K24_5A3 Lcavity            374.539   2.407 374.53919  2.40690000E+00  1.59195187E+07  3.83166897E+07 -1.15000000E-01  2.85600000E+09
   700  K24_5B  Lcavity            377.583   3.044 377.58329  3.04410000E+00  1.59195187E+07  4.84606070E+07 -1.15000000E-01  2.85600000E+09
   701  K24_5C  Lcavity            380.627   3.044 380.62739  3.04410000E+00  1.59195187E+07  4.84606070E+07 -1.15000000E-01  2.85600000E+09
   702  K24_5D  Lcavity            383.671   3.044 383.67149  3.04410000E+00  1.59195187E+07  4.84606070E+07 -1.15000000E-01  2.85600000E+09
   708  K24_6A1 Lcavity            384.167   0.328 384.16749  3.28000000E-01  1.59195187E+07  5.22160215E+06 -1.15000000E-01  2.85600000E+09
   710  K24_6A2 Lcavity            384.472   0.305 384.47229  3.04800000E-01  1.59195187E+07  4.85226931E+06 -1.15000000E-01  2.85600000E+09
   712  K24_6A3 Lcavity            386.884   2.411 386.88359  2.41130000E+00  1.59195187E+07  3.83867355E+07 -1.15000000E-01  2.85600000E+09
   713  K24_6B  Lcavity            389.928   3.044 389.92769  3.04410000E+00  1.59195187E+07  4.84606070E+07 -1.15000000E-01  2.85600000E+09
   714  K24_6C  Lcavity            392.972   3.044 392.97179  3.04410000E+00  1.59195187E+07  4.84606070E+07 -1.15000000E-01  2.85600000E+09
   715  K24_6D1 Lcavity            395.304   2.332 395.30389  2.33210000E+00  1.59195187E+07  3.71259097E+07 -1.15000000E-01  2.85600000E+09
   717  K24_6D2 Lcavity            395.609   0.305 395.60869  3.04800000E-01  1.59195187E+07  4.85226931E+06 -1.15000000E-01  2.85600000E+09
   719  K24_6D3 Lcavity            396.016   0.407 396.01589  4.07200000E-01  1.59195187E+07  6.48242803E+06 -1.15000000E-01  2.85600000E+09
   793  K25_1A1 Lcavity            424.055   0.325 424.05483  3.25000000E-01  1.67070513E+07  5.42979167E+06  0.00000000E+00  2.85600000E+09
   795  K25_1A2 Lcavity            424.380   0.325 424.37983  3.25000000E-01  1.67070513E+07  5.42979167E+06  0.00000000E+00  2.85600000E+09
   797  K25_1A3 Lcavity            426.774   2.394 426.77393  2.39410000E+00  1.67070513E+07  3.99983515E+07  0.00000000E+00  2.85600000E+09
   798  K25_1B  Lcavity            429.818   3.044 429.81803  3.04410000E+00  1.67070513E+07  5.08579348E+07  0.00000000E+00  2.85600000E+09
   800  K25_1D  Lcavity            435.906   3.044 435.90623  3.04410000E+00  2.36273385E+07  7.19239812E+07  0.00000000E+00  2.85600000E+09
   806  K25_2A1 Lcavity            436.527   0.453 436.52723  4.53000000E-01  1.67070513E+07  7.56829423E+06  0.00000000E+00  2.85600000E+09
   808  K25_2A2 Lcavity            436.845   0.318 436.84473  3.17500000E-01  1.67070513E+07  5.30448878E+06  0.00000000E+00  2.85600000E+09
   810  K25_2A3 Lcavity            439.118   2.274 439.11833  2.27360000E+00  1.67070513E+07  3.79851518E+07  0.00000000E+00  2.85600000E+09
   811  K25_2B  Lcavity            442.162   3.044 442.16243  3.04410000E+00  1.67070513E+07  5.08579348E+07  0.00000000E+00  2.85600000E+09
   812  K25_2C  Lcavity            445.207   3.044 445.20653  3.04410000E+00  2.36273385E+07  7.19239812E+07  0.00000000E+00  2.85600000E+09
   817  TCAV3   Lcavity            446.756   1.219 446.75613  1.21900000E+00  0.00000000E+00  0.00000000E+00  0.00000000E+00  0.00000000E+00
   818  TCAV3   Lcavity            447.975   1.219 447.97513  1.21900000E+00  0.00000000E+00  0.00000000E+00  0.00000000E+00  0.00000000E+00
   824  K25_3A1 Lcavity            448.750   0.331 448.74983  3.31200000E-01  1.67070513E+07  5.53337539E+06  0.00000000E+00  2.85600000E+09
   826  K25_3A2 Lcavity            449.100   0.350 449.10023  3.50400000E-01  1.67070513E+07  5.85415077E+06  0.00000000E+00  2.85600000E+09
   828  K25_3A3 Lcavity            451.463   2.362 451.46273  2.36250000E+00  1.67070513E+07  3.94704087E+07  0.00000000E+00  2.85600000E+09
   829  K25_3B  Lcavity            454.507   3.044 454.50683  3.04410000E+00  1.67070513E+07  5.08579348E+07  0.00000000E+00  2.85600000E+09
   830  K25_3C  Lcavity            457.551   3.044 457.55093  3.04410000E+00  2.36273385E+07  7.19239812E+07  0.00000000E+00  2.85600000E+09
   844  K25_4A1 Lcavity            461.090   0.327 461.08983  3.26800000E-01  1.67070513E+07  5.45986436E+06  0.00000000E+00  2.85600000E+09
   846  K25_4A2 Lcavity            461.340   0.250 461.33983  2.50000000E-01  1.67070513E+07  4.17676282E+06  0.00000000E+00  2.85600000E+09
   848  K25_4A3 Lcavity            463.807   2.467 463.80713  2.46730000E+00  1.67070513E+07  4.12213076E+07  0.00000000E+00  2.85600000E+09
   849  K25_4B  Lcavity            466.851   3.044 466.85123  3.04410000E+00  1.67070513E+07  5.08579348E+07  0.00000000E+00  2.85600000E+09
   850  K25_4C  Lcavity            469.895   3.044 469.89533  3.04410000E+00  1.67070513E+07  5.08579348E+07  0.00000000E+00  2.85600000E+09
   851  K25_4D  Lcavity            472.939   3.044 472.93943  3.04410000E+00  1.67070513E+07  5.08579348E+07  0.00000000E+00  2.85600000E+09
   857  K25_5A1 Lcavity            473.434   0.327 473.43423  3.26800000E-01  1.67070513E+07  5.45986436E+06  0.00000000E+00  2.85600000E+09
   859  K25_5A2 Lcavity            473.684   0.250 473.68423  2.50000000E-01  1.67070513E+07  4.17676282E+06  0.00000000E+00  2.85600000E+09
   861  K25_5A3 Lcavity            476.152   2.467 476.15153  2.46730000E+00  1.67070513E+07  4.12213076E+07  0.00000000E+00  2.85600000E+09
   862  K25_5B  Lcavity            479.196   3.044 479.19563  3.04410000E+00  1.67070513E+07  5.08579348E+07  0.00000000E+00  2.85600000E+09
   863  K25_5C  Lcavity            482.240   3.044 482.23973  3.04410000E+00  1.67070513E+07  5.08579348E+07  0.00000000E+00  2.85600000E+09
   864  K25_5D  Lcavity            485.284   3.044 485.28383  3.04410000E+00  1.67070513E+07  5.08579348E+07  0.00000000E+00  2.85600000E+09
   870  K25_6A1 Lcavity            485.780   0.328 485.77983  3.28000000E-01  1.67070513E+07  5.47991282E+06  0.00000000E+00  2.85600000E+09
   872  K25_6A2 Lcavity            486.162   0.382 486.16203  3.82200000E-01  1.67070513E+07  6.38543500E+06  0.00000000E+00  2.85600000E+09
   874  K25_6A3 Lcavity            488.496   2.334 488.49593  2.33390000E+00  1.67070513E+07  3.89925870E+07  0.00000000E+00  2.85600000E+09
   875  K25_6B  Lcavity            491.540   3.044 491.54003  3.04410000E+00  1.67070513E+07  5.08579348E+07  0.00000000E+00  2.85600000E+09
   876  K25_6C  Lcavity            494.584   3.044 494.58413  3.04410000E+00  1.67070513E+07  5.08579348E+07  0.00000000E+00  2.85600000E+09
   877  K25_6D  Lcavity            497.628   3.044 497.62823  3.04410000E+00  1.67070513E+07  5.08579348E+07  0.00000000E+00  2.85600000E+09
   883  K25_7A1 Lcavity            498.130   0.334 498.12983  3.33600000E-01  1.67070513E+07  5.57347231E+06  0.00000000E+00  2.85600000E+09
   885  K25_7A2 Lcavity            498.380   0.250 498.37983  2.50000000E-01  1.67070513E+07  4.17676282E+06  0.00000000E+00  2.85600000E+09
   887  K25_7A3 Lcavity            500.840   2.461 500.84033  2.46050000E+00  1.67070513E+07  4.11076997E+07  0.00000000E+00  2.85600000E+09
   888  K25_7B  Lcavity            503.884   3.044 503.88443  3.04410000E+00  1.67070513E+07  5.08579348E+07  0.00000000E+00  2.85600000E+09
   889  K25_7C  Lcavity            506.929   3.044 506.92853  3.04410000E+00  1.67070513E+07  5.08579348E+07  0.00000000E+00  2.85600000E+09
   890  K25_7D  Lcavity            509.973   3.044 509.97263  3.04410000E+00  1.67070513E+07  5.08579348E+07  0.00000000E+00  2.85600000E+09
   896  K25_8A1 Lcavity            510.470   0.329 510.46983  3.29200000E-01  1.67070513E+07  5.49996128E+06  0.00000000E+00  2.85600000E+09
   898  K25_8A2 Lcavity            510.720   0.250 510.71983  2.50000000E-01  1.67070513E+07  4.17676282E+06  0.00000000E+00  2.85600000E+09
   900  K25_8A3 Lcavity            513.185   2.465 513.18473  2.46490000E+00  1.67070513E+07  4.11812107E+07  0.00000000E+00  2.85600000E+09
   901  K25_8B  Lcavity            516.229   3.044 516.22883  3.04410000E+00  1.67070513E+07  5.08579348E+07  0.00000000E+00  2.85600000E+09
   902  K25_8C  Lcavity            519.273   3.044 519.27293  3.04410000E+00  1.67070513E+07  5.08579348E+07  0.00000000E+00  2.85600000E+09
   903  K25_8D1 Lcavity            521.660   2.387 521.65983  2.38690000E+00  1.67070513E+07  3.98780607E+07  0.00000000E+00  2.85600000E+09
   905  K25_8D2 Lcavity            521.910   0.250 521.90983  2.50000000E-01  1.67070513E+07  4.17676282E+06  0.00000000E+00  2.85600000E+09
   907  K25_8D3 Lcavity            522.317   0.407 522.31703  4.07200000E-01  1.67070513E+07  6.80311128E+06  0.00000000E+00  2.85600000E+09
   918  K26_1A  Lcavity            528.374   3.044 528.37393  3.04410000E+00  1.67070513E+07  5.08579348E+07  0.00000000E+00  2.85600000E+09
   919  K26_1B  Lcavity            531.418   3.044 531.41803  3.04410000E+00  1.67070513E+07  5.08579348E+07  0.00000000E+00  2.85600000E+09
   920  K26_1C  Lcavity            534.462   3.044 534.46213  3.04410000E+00  1.67070513E+07  5.08579348E+07  0.00000000E+00  2.85600000E+09
   921  K26_1D  Lcavity            537.506   3.044 537.50623  3.04410000E+00  1.67070513E+07  5.08579348E+07  0.00000000E+00  2.85600000E+09
   927  K26_2A1 Lcavity            538.000   0.326 537.99983  3.25600000E-01  1.67070513E+07  5.43981590E+06  0.00000000E+00  2.85600000E+09
   929  K26_2A2 Lcavity            538.372   0.372 538.37173  3.71900000E-01  1.67070513E+07  6.21335237E+06  0.00000000E+00  2.85600000E+09
   931  K26_2A3 Lcavity            540.718   2.347 540.71833  2.34660000E+00  1.67070513E+07  3.92047665E+07  0.00000000E+00  2.85600000E+09
   932  K26_2B  Lcavity            543.762   3.044 543.76243  3.04410000E+00  1.67070513E+07  5.08579348E+07  0.00000000E+00  2.85600000E+09
   933  K26_2C  Lcavity            546.807   3.044 546.80653  3.04410000E+00  1.67070513E+07  5.08579348E+07  0.00000000E+00  2.85600000E+09
   934  K26_2D  Lcavity            549.851   3.044 549.85063  3.04410000E+00  1.67070513E+07  5.08579348E+07  0.00000000E+00  2.85600000E+09
   940  K26_3A1 Lcavity            550.350   0.331 550.34983  3.31200000E-01  1.67070513E+07  5.53337538E+06  0.00000000E+00  2.85600000E+09
   942  K26_3A2 Lcavity            550.600   0.250 550.59983  2.50000000E-01  1.67070513E+07  4.17676282E+06  0.00000000E+00  2.85600000E+09
   944  K26_3A3 Lcavity            553.063   2.463 553.06273  2.46290000E+00  1.67070513E+07  4.11477966E+07  0.00000000E+00  2.85600000E+09
   945  K26_3B  Lcavity            556.107   3.044 556.10683  3.04410000E+00  1.67070513E+07  5.08579348E+07  0.00000000E+00  2.85600000E+09
   946  K26_3C  Lcavity            559.151   3.044 559.15093  3.04410000E+00  1.67070513E+07  5.08579348E+07  0.00000000E+00  2.85600000E+09
   947  K26_3D  Lcavity            562.195   3.044 562.19503  3.04410000E+00  1.67070513E+07  5.08579348E+07  0.00000000E+00  2.85600000E+09
   953  K26_4A1 Lcavity            562.690   0.327 562.68983  3.26800000E-01  1.67070513E+07  5.45986436E+06  0.00000000E+00  2.85600000E+09
   955  K26_4A2 Lcavity            562.940   0.250 562.93983  2.50000000E-01  1.67070513E+07  4.17676282E+06  0.00000000E+00  2.85600000E+09
   957  K26_4A3 Lcavity            565.407   2.467 565.40713  2.46730000E+00  1.67070513E+07  4.12213076E+07  0.00000000E+00  2.85600000E+09
   958  K26_4B  Lcavity            568.451   3.044 568.45123  3.04410000E+00  1.67070513E+07  5.08579348E+07  0.00000000E+00  2.85600000E+09
   959  K26_4C  Lcavity            571.495   3.044 571.49533  3.04410000E+00  1.67070513E+07  5.08579348E+07  0.00000000E+00  2.85600000E+09
   960  K26_4D  Lcavity            574.539   3.044 574.53943  3.04410000E+00  1.67070513E+07  5.08579348E+07  0.00000000E+00  2.85600000E+09
   966  K26_5A1 Lcavity            575.040   0.332 575.03983  3.32400000E-01  1.67070513E+07  5.55342384E+06  0.00000000E+00  2.85600000E+09
   968  K26_5A2 Lcavity            575.290   0.250 575.28983  2.50000000E-01  1.67070513E+07  4.17676282E+06  0.00000000E+00  2.85600000E+09
   970  K26_5A3 Lcavity            577.752   2.462 577.75153  2.46170000E+00  1.67070513E+07  4.11277481E+07  0.00000000E+00  2.85600000E+09
   971  K26_5B  Lcavity            580.796   3.044 580.79563  3.04410000E+00  1.67070513E+07  5.08579348E+07  0.00000000E+00  2.85600000E+09
   972  K26_5C  Lcavity            583.840   3.044 583.83973  3.04410000E+00  1.67070513E+07  5.08579348E+07  0.00000000E+00  2.85600000E+09
   973  K26_5D  Lcavity            586.884   3.044 586.88383  3.04410000E+00  1.67070513E+07  5.08579348E+07  0.00000000E+00  2.85600000E+09
   979  K26_6A1 Lcavity            587.380   0.328 587.37983  3.28000000E-01  1.67070513E+07  5.47991282E+06  0.00000000E+00  2.85600000E+09
   981  K26_6A2 Lcavity            587.791   0.411 587.79063  4.10800000E-01  1.67070513E+07  6.86325667E+06  0.00000000E+00  2.85600000E+09
   983  K26_6A3 Lcavity            590.096   2.305 590.09593  2.30530000E+00  1.67070513E+07  3.85147653E+07  0.00000000E+00  2.85600000E+09
   984  K26_6B  Lcavity            593.140   3.044 593.14003  3.04410000E+00  1.67070513E+07  5.08579348E+07  0.00000000E+00  2.85600000E+09
   985  K26_6C  Lcavity            596.184   3.044 596.18413  3.04410000E+00  1.67070513E+07  5.08579348E+07  0.00000000E+00  2.85600000E+09
   986  K26_6D  Lcavity            599.228   3.044 599.22823  3.04410000E+00  1.67070513E+07  5.08579348E+07  0.00000000E+00  2.85600000E+09
   992  K26_7A1 Lcavity            599.730   0.334 599.72983  3.33600000E-01  1.67070513E+07  5.57347231E+06  0.00000000E+00  2.85600000E+09
   994  K26_7A2 Lcavity            599.980   0.250 599.97983  2.50000000E-01  1.67070513E+07  4.17676282E+06  0.00000000E+00  2.85600000E+09
   996  K26_7A3 Lcavity            602.440   2.461 602.44033  2.46050000E+00  1.67070513E+07  4.11076997E+07  0.00000000E+00  2.85600000E+09
   997  K26_7B  Lcavity            605.484   3.044 605.48443  3.04410000E+00  1.67070513E+07  5.08579348E+07  0.00000000E+00  2.85600000E+09
   998  K26_7C  Lcavity            608.529   3.044 608.52853  3.04410000E+00  1.67070513E+07  5.08579348E+07  0.00000000E+00  2.85600000E+09
   999  K26_7D  Lcavity            611.573   3.044 611.57263  3.04410000E+00  1.67070513E+07  5.08579348E+07  0.00000000E+00  2.85600000E+09
  1005  K26_8A1 Lcavity            612.070   0.329 612.06983  3.29200000E-01  1.67070513E+07  5.49996128E+06  0.00000000E+00  2.85600000E+09
  1007  K26_8A2 Lcavity            612.451   0.381 612.45083  3.81000000E-01  1.67070513E+07  6.36538654E+06  0.00000000E+00  2.85600000E+09
  1009  K26_8A3 Lcavity            614.785   2.334 614.78473  2.33390000E+00  1.67070513E+07  3.89925870E+07  0.00000000E+00  2.85600000E+09
  1010  K26_8B  Lcavity            617.829   3.044 617.82883  3.04410000E+00  1.67070513E+07  5.08579348E+07  0.00000000E+00  2.85600000E+09
  1011  K26_8C  Lcavity            620.873   3.044 620.87293  3.04410000E+00  1.67070513E+07  5.08579348E+07  0.00000000E+00  2.85600000E+09
  1012  K26_8D1 Lcavity            623.260   2.387 623.25983  2.38690000E+00  1.67070513E+07  3.98780607E+07  0.00000000E+00  2.85600000E+09
  1014  K26_8D2 Lcavity            623.510   0.250 623.50983  2.50000000E-01  1.67070513E+07  4.17676282E+06  0.00000000E+00  2.85600000E+09
  1016  K26_8D3 Lcavity            623.917   0.407 623.91703  4.07200000E-01  1.67070513E+07  6.80311128E+06  0.00000000E+00  2.85600000E+09
  1025  K27_1A  Lcavity            629.974   3.044 629.97393  3.04410000E+00  1.67070513E+07  5.08579348E+07  0.00000000E+00  2.85600000E+09
  1026  K27_1B  Lcavity            633.018   3.044 633.01803  3.04410000E+00  1.67070513E+07  5.08579348E+07  0.00000000E+00  2.85600000E+09
  1027  K27_1C  Lcavity            636.062   3.044 636.06213  3.04410000E+00  1.67070513E+07  5.08579348E+07  0.00000000E+00  2.85600000E+09
  1028  K27_1D  Lcavity            639.106   3.044 639.10623  3.04410000E+00  1.67070513E+07  5.08579348E+07  0.00000000E+00  2.85600000E+09
  1034  K27_2A1 Lcavity            639.600   0.326 639.59983  3.25600000E-01  1.67070513E+07  5.43981590E+06  0.00000000E+00  2.85600000E+09
  1036  K27_2A2 Lcavity            639.850   0.250 639.84983  2.50000000E-01  1.67070513E+07  4.17676282E+06  0.00000000E+00  2.85600000E+09
  1038  K27_2A3 Lcavity            642.318   2.469 642.31833  2.46850000E+00  1.67070513E+07  4.12413561E+07  0.00000000E+00  2.85600000E+09
  1039  K27_2B  Lcavity            645.362   3.044 645.36243  3.04410000E+00  1.67070513E+07  5.08579348E+07  0.00000000E+00  2.85600000E+09
  1040  K27_2C  Lcavity            648.407   3.044 648.40653  3.04410000E+00  1.67070513E+07  5.08579348E+07  0.00000000E+00  2.85600000E+09
  1041  K27_2D  Lcavity            651.451   3.044 651.45063  3.04410000E+00  1.67070513E+07  5.08579348E+07  0.00000000E+00  2.85600000E+09
  1047  K27_3A1 Lcavity            651.950   0.331 651.94983  3.31200000E-01  1.67070513E+07  5.53337538E+06  0.00000000E+00  2.85600000E+09
  1049  K27_3A2 Lcavity            652.319   0.369 652.31933  3.69500000E-01  1.67070513E+07  6.17325545E+06  0.00000000E+00  2.85600000E+09
  1051  K27_3A3 Lcavity            654.663   2.343 654.66273  2.34340000E+00  1.67070513E+07  3.91513040E+07  0.00000000E+00  2.85600000E+09
  1052  K27_3B  Lcavity            657.707   3.044 657.70683  3.04410000E+00  1.67070513E+07  5.08579348E+07  0.00000000E+00  2.85600000E+09
  1053  K27_3C  Lcavity            660.751   3.044 660.75093  3.04410000E+00  1.67070513E+07  5.08579348E+07  0.00000000E+00  2.85600000E+09
  1054  K27_3D  Lcavity            663.795   3.044 663.79503  3.04410000E+00  1.67070513E+07  5.08579348E+07  0.00000000E+00  2.85600000E+09
  1060  K27_4A1 Lcavity            664.290   0.327 664.28983  3.26800000E-01  1.67070513E+07  5.45986436E+06  0.00000000E+00  2.85600000E+09
  1062  K27_4A2 Lcavity            664.540   0.250 664.53983  2.50000000E-01  1.67070513E+07  4.17676282E+06  0.00000000E+00  2.85600000E+09
  1064  K27_4A3 Lcavity            667.007   2.467 667.00713  2.46730000E+00  1.67070513E+07  4.12213076E+07  0.00000000E+00  2.85600000E+09
  1065  K27_4B  Lcavity            670.051   3.044 670.05123  3.04410000E+00  1.67070513E+07  5.08579348E+07  0.00000000E+00  2.85600000E+09
  1066  K27_4C  Lcavity            673.095   3.044 673.09533  3.04410000E+00  1.67070513E+07  5.08579348E+07  0.00000000E+00  2.85600000E+09
  1067  K27_4D  Lcavity            676.139   3.044 676.13943  3.04410000E+00  1.67070513E+07  5.08579348E+07  0.00000000E+00  2.85600000E+09
  1073  K27_5A1 Lcavity            676.640   0.332 676.63983  3.32400000E-01  1.67070513E+07  5.55342385E+06  0.00000000E+00  2.85600000E+09
  1075  K27_5A2 Lcavity            677.008   0.368 677.00813  3.68300000E-01  1.67070513E+07  6.15320699E+06  0.00000000E+00  2.85600000E+09
  1077  K27_5A3 Lcavity            679.352   2.343 679.35153  2.34340000E+00  1.67070513E+07  3.91513040E+07  0.00000000E+00  2.85600000E+09
  1078  K27_5B  Lcavity            682.396   3.044 682.39563  3.04410000E+00  1.67070513E+07  5.08579348E+07  0.00000000E+00  2.85600000E+09
  1079  K27_5C  Lcavity            685.440   3.044 685.43973  3.04410000E+00  1.67070513E+07  5.08579348E+07  0.00000000E+00  2.85600000E+09
  1080  K27_5D  Lcavity            688.484   3.044 688.48383  3.04410000E+00  1.67070513E+07  5.08579348E+07  0.00000000E+00  2.85600000E+09
  1086  K27_6A1 Lcavity            688.980   0.328 688.97983  3.28000000E-01  1.67070513E+07  5.47991282E+06  0.00000000E+00  2.85600000E+09
  1088  K27_6A2 Lcavity            689.230   0.250 689.22983  2.50000000E-01  1.67070513E+07  4.17676282E+06  0.00000000E+00  2.85600000E+09
  1090  K27_6A3 Lcavity            691.696   2.466 691.69593  2.46610000E+00  1.67070513E+07  4.12012592E+07  0.00000000E+00  2.85600000E+09
  1091  K27_6B  Lcavity            694.740   3.044 694.74003  3.04410000E+00  1.67070513E+07  5.08579348E+07  0.00000000E+00  2.85600000E+09
  1092  K27_6C  Lcavity            697.784   3.044 697.78413  3.04410000E+00  2.36273385E+07  7.19239812E+07  0.00000000E+00  2.85600000E+09
  1100  K27_7A1 Lcavity            701.330   0.334 701.32983  3.33600000E-01  1.67070513E+07  5.57347231E+06  0.00000000E+00  2.85600000E+09
  1102  K27_7A2 Lcavity            701.681   0.351 701.68103  3.51200000E-01  1.67070513E+07  5.86751641E+06  0.00000000E+00  2.85600000E+09
  1104  K27_7A3 Lcavity            704.040   2.359 704.04033  2.35930000E+00  1.67070513E+07  3.94169461E+07  0.00000000E+00  2.85600000E+09
  1105  K27_7B  Lcavity            707.084   3.044 707.08443  3.04410000E+00  1.67070513E+07  5.08579348E+07  0.00000000E+00  2.85600000E+09
  1106  K27_7C  Lcavity            710.129   3.044 710.12853  3.04410000E+00  1.67070513E+07  5.08579348E+07  0.00000000E+00  2.85600000E+09
  1107  K27_7D  Lcavity            713.173   3.044 713.17263  3.04410000E+00  1.67070513E+07  5.08579348E+07  0.00000000E+00  2.85600000E+09
  1113  K27_8A1 Lcavity            713.670   0.329 713.66983  3.29200000E-01  1.67070513E+07  5.49996128E+06  0.00000000E+00  2.85600000E+09
  1115  K27_8A2 Lcavity            713.920   0.250 713.91983  2.50000000E-01  1.67070513E+07  4.17676282E+06  0.00000000E+00  2.85600000E+09
  1117  K27_8A3 Lcavity            716.385   2.465 716.38473  2.46490000E+00  1.67070513E+07  4.11812107E+07  0.00000000E+00  2.85600000E+09
  1118  K27_8B  Lcavity            719.429   3.044 719.42883  3.04410000E+00  1.67070513E+07  5.08579348E+07  0.00000000E+00  2.85600000E+09
  1119  K27_8C  Lcavity            722.473   3.044 722.47293  3.04410000E+00  1.67070513E+07  5.08579348E+07  0.00000000E+00  2.85600000E+09
  1120  K27_8D1 Lcavity            724.714   2.241 724.71403  2.24110000E+00  1.67070513E+07  3.74421726E+07  0.00000000E+00  2.85600000E+09
  1122  K27_8D2 Lcavity            725.110   0.396 725.10983  3.95800000E-01  1.67070513E+07  6.61265090E+06  0.00000000E+00  2.85600000E+09
  1124  K27_8D3 Lcavity            725.517   0.407 725.51703  4.07200000E-01  1.67070513E+07  6.80311128E+06  0.00000000E+00  2.85600000E+09
  1133  K28_1A  Lcavity            731.574   3.044 731.57393  3.04410000E+00  1.67070513E+07  5.08579348E+07  0.00000000E+00  2.85600000E+09
  1134  K28_1B  Lcavity            734.618   3.044 734.61803  3.04410000E+00  1.67070513E+07  5.08579348E+07  0.00000000E+00  2.85600000E+09
  1135  K28_1C  Lcavity            737.662   3.044 737.66213  3.04410000E+00  2.36273385E+07  7.19239812E+07  0.00000000E+00  2.85600000E+09
  1147  K28_2A1 Lcavity            741.200   0.326 741.19983  3.25600000E-01  1.67070513E+07  5.43981590E+06  0.00000000E+00  2.85600000E+09
  1149  K28_2A2 Lcavity            741.450   0.250 741.44983  2.50000000E-01  1.67070513E+07  4.17676282E+06  0.00000000E+00  2.85600000E+09
  1151  K28_2A3 Lcavity            743.918   2.469 743.91833  2.46850000E+00  1.67070513E+07  4.12413561E+07  0.00000000E+00  2.85600000E+09
  1152  K28_2B  Lcavity            746.962   3.044 746.96243  3.04410000E+00  1.67070513E+07  5.08579348E+07  0.00000000E+00  2.85600000E+09
  1153  K28_2C  Lcavity            750.007   3.044 750.00653  3.04410000E+00  1.67070513E+07  5.08579348E+07  0.00000000E+00  2.85600000E+09
  1154  K28_2D  Lcavity            753.051   3.044 753.05063  3.04410000E+00  1.67070513E+07  5.08579348E+07  0.00000000E+00  2.85600000E+09
  1160  K28_3A1 Lcavity            753.550   0.331 753.54983  3.31200000E-01  1.67070513E+07  5.53337538E+06  0.00000000E+00  2.85600000E+09
  1162  K28_3A2 Lcavity            753.800   0.250 753.79983  2.50000000E-01  1.67070513E+07  4.17676282E+06  0.00000000E+00  2.85600000E+09
  1164  K28_3A3 Lcavity            756.263   2.463 756.26273  2.46290000E+00  1.67070513E+07  4.11477966E+07  0.00000000E+00  2.85600000E+09
  1165  K28_3B  Lcavity            759.307   3.044 759.30683  3.04410000E+00  1.67070513E+07  5.08579348E+07  0.00000000E+00  2.85600000E+09
  1166  K28_3C  Lcavity            762.351   3.044 762.35093  3.04410000E+00  1.67070513E+07  5.08579348E+07  0.00000000E+00  2.85600000E+09
  1167  K28_3D  Lcavity            765.395   3.044 765.39503  3.04410000E+00  1.67070513E+07  5.08579348E+07  0.00000000E+00  2.85600000E+09
  1173  K28_4A1 Lcavity            765.943   0.380 765.94303  3.80000000E-01  1.67070513E+07  6.34867949E+06  0.00000000E+00  2.85600000E+09
  1175  K28_4A2 Lcavity            766.235   0.292 766.23513  2.92100000E-01  1.67070513E+07  4.88012968E+06  0.00000000E+00  2.85600000E+09
  1177  K28_4A3 Lcavity            768.607   2.372 768.60713  2.37200000E+00  1.67070513E+07  3.96291256E+07  0.00000000E+00  2.85600000E+09
  1178  K28_4B  Lcavity            771.651   3.044 771.65123  3.04410000E+00  1.67070513E+07  5.08579348E+07  0.00000000E+00  2.85600000E+09
  1179  K28_4C  Lcavity            774.695   3.044 774.69533  3.04410000E+00  2.36273385E+07  7.19239812E+07  0.00000000E+00  2.85600000E+09
  1191  K28_5A1 Lcavity            778.303   0.396 778.30333  3.95900000E-01  1.67070513E+07  6.61432160E+06  0.00000000E+00  2.85600000E+09
  1193  K28_5A2 Lcavity            778.614   0.311 778.61443  3.11100000E-01  1.67070513E+07  5.19756365E+06  0.00000000E+00  2.85600000E+09
  1195  K28_5A3 Lcavity            780.952   2.337 780.95153  2.33710000E+00  1.67070513E+07  3.90460495E+07  0.00000000E+00  2.85600000E+09
  1196  K28_5B  Lcavity            783.996   3.044 783.99563  3.04410000E+00  1.67070513E+07  5.08579348E+07  0.00000000E+00  2.85600000E+09
  1197  K28_5C  Lcavity            787.040   3.044 787.03973  3.04410000E+00  2.36273385E+07  7.19239811E+07  0.00000000E+00  2.85600000E+09
  1204  K28_6A1 Lcavity            790.580   0.328 790.57983  3.28000000E-01  1.67070513E+07  5.47991282E+06  0.00000000E+00  2.85600000E+09
  1206  K28_6A2 Lcavity            790.940   0.360 790.93983  3.60000000E-01  1.67070513E+07  6.01453846E+06  0.00000000E+00  2.85600000E+09
  1208  K28_6A3 Lcavity            793.296   2.356 793.29593  2.35610000E+00  1.67070513E+07  3.93634835E+07  0.00000000E+00  2.85600000E+09
  1209  K28_6B  Lcavity            796.340   3.044 796.34003  3.04410000E+00  1.67070513E+07  5.08579348E+07  0.00000000E+00  2.85600000E+09
  1210  K28_6C  Lcavity            799.384   3.044 799.38413  3.04410000E+00  1.67070513E+07  5.08579348E+07  0.00000000E+00  2.85600000E+09
  1211  K28_6D  Lcavity            802.428   3.044 802.42823  3.04410000E+00  1.67070513E+07  5.08579348E+07  0.00000000E+00  2.85600000E+09
  1217  K28_7A1 Lcavity            802.930   0.334 802.92983  3.33600000E-01  1.67070513E+07  5.57347231E+06  0.00000000E+00  2.85600000E+09
  1219  K28_7A2 Lcavity            803.335   0.405 803.33503  4.05200000E-01  1.67070513E+07  6.76969718E+06  0.00000000E+00  2.85600000E+09
  1221  K28_7A3 Lcavity            805.640   2.305 805.64033  2.30530000E+00  1.67070513E+07  3.85147653E+07  0.00000000E+00  2.85600000E+09
  1222  K28_7B  Lcavity            808.684   3.044 808.68443  3.04410000E+00  1.67070513E+07  5.08579348E+07  0.00000000E+00  2.85600000E+09
  1223  K28_7C  Lcavity            811.729   3.044 811.72853  3.04410000E+00  2.36273385E+07  7.19239812E+07  0.00000000E+00  2.85600000E+09
  1231  K28_8A1 Lcavity            815.270   0.329 815.26983  3.29200000E-01  1.67070513E+07  5.49996128E+06  0.00000000E+00  2.85600000E+09
  1233  K28_8A2 Lcavity            815.520   0.250 815.51983  2.50000000E-01  1.67070513E+07  4.17676282E+06  0.00000000E+00  2.85600000E+09
  1235  K28_8A3 Lcavity            817.985   2.465 817.98473  2.46490000E+00  1.67070513E+07  4.11812107E+07  0.00000000E+00  2.85600000E+09
  1236  K28_8B  Lcavity            821.029   3.044 821.02883  3.04410000E+00  1.67070513E+07  5.08579348E+07  0.00000000E+00  2.85600000E+09
  1237  K28_8C  Lcavity            824.073   3.044 824.07293  3.04410000E+00  1.67070513E+07  5.08579348E+07  0.00000000E+00  2.85600000E+09
  1238  K28_8D1 Lcavity            826.460   2.387 826.45983  2.38690000E+00  1.67070513E+07  3.98780607E+07  0.00000000E+00  2.85600000E+09
  1240  K28_8D2 Lcavity            826.710   0.250 826.70983  2.50000000E-01  1.67070513E+07  4.17676282E+06  0.00000000E+00  2.85600000E+09
  1242  K28_8D3 Lcavity            827.117   0.407 827.11703  4.07200000E-01  1.67070513E+07  6.80311128E+06  0.00000000E+00  2.85600000E+09
  1253  K29_1A  Lcavity            833.174   3.044 833.17393  3.04410000E+00  1.67070513E+07  5.08579348E+07  0.00000000E+00  2.85600000E+09
  1254  K29_1B  Lcavity            836.218   3.044 836.21803  3.04410000E+00  1.67070513E+07  5.08579348E+07  0.00000000E+00  2.85600000E+09
  1255  K29_1C  Lcavity            839.262   3.044 839.26213  3.04410000E+00  2.36273385E+07  7.19239812E+07  0.00000000E+00  2.85600000E+09
  1264  K29_2A1 Lcavity            842.800   0.326 842.79983  3.25600000E-01  1.67070513E+07  5.43981590E+06  0.00000000E+00  2.85600000E+09
  1266  K29_2A2 Lcavity            843.153   0.353 843.15263  3.52800000E-01  1.67070513E+07  5.89424769E+06  0.00000000E+00  2.85600000E+09
  1268  K29_2A3 Lcavity            845.518   2.366 845.51833  2.36570000E+00  1.67070513E+07  3.95238712E+07  0.00000000E+00  2.85600000E+09
  1269  K29_2B  Lcavity            848.562   3.044 848.56243  3.04410000E+00  1.67070513E+07  5.08579348E+07  0.00000000E+00  2.85600000E+09
  1270  K29_2C  Lcavity            851.607   3.044 851.60653  3.04410000E+00  1.67070513E+07  5.08579348E+07  0.00000000E+00  2.85600000E+09
  1271  K29_2D  Lcavity            854.651   3.044 854.65063  3.04410000E+00  1.67070513E+07  5.08579348E+07  0.00000000E+00  2.85600000E+09
  1277  K29_3A1 Lcavity            855.150   0.331 855.14983  3.31200000E-01  1.67070513E+07  5.53337538E+06  0.00000000E+00  2.85600000E+09
  1279  K29_3A2 Lcavity            855.510   0.360 855.50973  3.59900000E-01  1.67070513E+07  6.01286776E+06  0.00000000E+00  2.85600000E+09
  1281  K29_3A3 Lcavity            857.863   2.353 857.86273  2.35300000E+00  1.67070513E+07  3.93116917E+07  0.00000000E+00  2.85600000E+09
  1282  K29_3B  Lcavity            860.907   3.044 860.90683  3.04410000E+00  1.67070513E+07  5.08579348E+07  0.00000000E+00  2.85600000E+09
  1283  K29_3C  Lcavity            863.951   3.044 863.95093  3.04410000E+00  1.67070513E+07  5.08579348E+07  0.00000000E+00  2.85600000E+09
  1284  K29_3D  Lcavity            866.995   3.044 866.99503  3.04410000E+00  1.67070513E+07  5.08579348E+07  0.00000000E+00  2.85600000E+09
  1290  K29_4A1 Lcavity            867.490   0.327 867.48983  3.26800000E-01  1.67070513E+07  5.45986436E+06  0.00000000E+00  2.85600000E+09
  1292  K29_4A2 Lcavity            867.740   0.250 867.73983  2.50000000E-01  1.67070513E+07  4.17676282E+06  0.00000000E+00  2.85600000E+09
  1294  K29_4A3 Lcavity            870.207   2.467 870.20713  2.46730000E+00  1.67070513E+07  4.12213076E+07  0.00000000E+00  2.85600000E+09
  1295  K29_4B  Lcavity            873.251   3.044 873.25123  3.04410000E+00  1.67070513E+07  5.08579348E+07  0.00000000E+00  2.85600000E+09
  1296  K29_4C  Lcavity            876.295   3.044 876.29533  3.04410000E+00  2.36273385E+07  7.19239812E+07  0.00000000E+00  2.85600000E+09
  1305  K29_5A1 Lcavity            879.887   0.380 879.88743  3.80000000E-01  1.67070513E+07  6.34867949E+06  0.00000000E+00  2.85600000E+09
  1307  K29_5A2 Lcavity            880.164   0.276 880.16363  2.76200000E-01  1.67070513E+07  4.61448757E+06  0.00000000E+00  2.85600000E+09
  1309  K29_5A3 Lcavity            882.552   2.388 882.55153  2.38790000E+00  1.67070513E+07  3.98947678E+07  0.00000000E+00  2.85600000E+09
  1310  K29_5B  Lcavity            885.596   3.044 885.59563  3.04410000E+00  1.67070513E+07  5.08579348E+07  0.00000000E+00  2.85600000E+09
  1311  K29_5C  Lcavity            888.640   3.044 888.63973  3.04410000E+00  2.36273385E+07  7.19239812E+07  0.00000000E+00  2.85600000E+09
  1320  K29_6A1 Lcavity            892.302   0.450 892.30163  4.49800000E-01  1.67070513E+07  7.51483167E+06  0.00000000E+00  2.85600000E+09
  1322  K29_6A2 Lcavity            892.673   0.371 892.67313  3.71500000E-01  1.67070513E+07  6.20666955E+06  0.00000000E+00  2.85600000E+09
  1324  K29_6A3 Lcavity            894.896   2.223 894.89593  2.22280000E+00  1.67070513E+07  3.71364336E+07  0.00000000E+00  2.85600000E+09
  1325  K29_6B  Lcavity            897.940   3.044 897.94003  3.04410000E+00  1.67070513E+07  5.08579348E+07  0.00000000E+00  2.85600000E+09
  1326  K29_6C  Lcavity            900.984   3.044 900.98413  3.04410000E+00  1.67070513E+07  5.08579348E+07  0.00000000E+00  2.85600000E+09
  1327  K29_6D  Lcavity            904.028   3.044 904.02823  3.04410000E+00  1.67070513E+07  5.08579348E+07  0.00000000E+00  2.85600000E+09
  1333  K29_7A1 Lcavity            904.530   0.334 904.52983  3.33600000E-01  1.64670737E+07  5.49341578E+06  0.00000000E+00  2.85600000E+09
  1335  K29_7A2 Lcavity            904.929   0.399 904.92863  3.98800000E-01  1.64670737E+07  6.56706898E+06  0.00000000E+00  2.85600000E+09
  1337  K29_7A3 Lcavity            907.240   2.312 907.24033  2.31170000E+00  1.64670737E+07  3.80669342E+07  0.00000000E+00  2.85600000E+09
  1338  K29_7B  Lcavity            910.284   3.044 910.28443  3.04410000E+00  1.64670737E+07  5.01274190E+07  0.00000000E+00  2.85600000E+09
  1339  K29_7C  Lcavity            913.329   3.044 913.32853  3.04410000E+00  1.64670737E+07  5.01274190E+07  0.00000000E+00  2.85600000E+09
  1340  K29_7D  Lcavity            916.198   2.869 916.19773  2.86920000E+00  1.74708696E+07  5.01274190E+07  0.00000000E+00  2.85600000E+09
  1348  K29_8A1 Lcavity            916.930   0.390 916.93023  3.89600000E-01  1.67070513E+07  6.50906718E+06  0.00000000E+00  2.85600000E+09
  1350  K29_8A2 Lcavity            917.209   0.279 917.20923  2.79000000E-01  1.67070513E+07  4.66126731E+06  0.00000000E+00  2.85600000E+09
  1352  K29_8A3 Lcavity            919.585   2.376 919.58473  2.37550000E+00  1.67070513E+07  3.96876003E+07  0.00000000E+00  2.85600000E+09
  1353  K29_8B  Lcavity            922.629   3.044 922.62883  3.04410000E+00  1.67070513E+07  5.08579348E+07  0.00000000E+00  2.85600000E+09
  1354  K29_8C  Lcavity            925.673   3.044 925.67293  3.04410000E+00  1.67070513E+07  5.08579348E+07  0.00000000E+00  2.85600000E+09
  1355  K29_8D1 Lcavity            928.129   2.456 928.12873  2.45580000E+00  1.67070513E+07  4.10291765E+07  0.00000000E+00  2.85600000E+09
  1357  K29_8D2 Lcavity            928.409   0.280 928.40873  2.80000000E-01  1.67070513E+07  4.67797436E+06  0.00000000E+00  2.85600000E+09
  1359  K29_8D3 Lcavity            928.717   0.308 928.71703  3.08300000E-01  1.67070513E+07  5.15078391E+06  0.00000000E+00  2.85600000E+09
  1376  K30_1A  Lcavity            934.774   3.044 934.77393  3.04410000E+00  1.55068889E+07  4.72045203E+07  0.00000000E+00  2.85600000E+09
  1377  K30_1B  Lcavity            937.818   3.044 937.81803  3.04410000E+00  1.55068889E+07  4.72045203E+07  0.00000000E+00  2.85600000E+09
  1378  K30_1C  Lcavity            940.862   3.044 940.86213  3.04410000E+00  1.55068889E+07  4.72045203E+07  0.00000000E+00  2.85600000E+09
  1379  K30_1D  Lcavity            943.032   2.169 943.03153  2.16940000E+00  2.17592516E+07  4.72045203E+07  0.00000000E+00  2.85600000E+09
  1391  K30_2A1 Lcavity            944.575   0.501 944.57483  5.00600000E-01  1.67070513E+07  8.36354987E+06  0.00000000E+00  2.85600000E+09
  1393  K30_2A2 Lcavity            944.905   0.330 944.90503  3.30200000E-01  1.67070513E+07  5.51666833E+06  0.00000000E+00  2.85600000E+09
  1395  K30_2A3 Lcavity            947.118   2.213 947.11833  2.21330000E+00  1.67070513E+07  3.69777166E+07  0.00000000E+00  2.85600000E+09
  1396  K30_2B  Lcavity            950.162   3.044 950.16243  3.04410000E+00  1.67070513E+07  5.08579348E+07  0.00000000E+00  2.85600000E+09
  1397  K30_2C  Lcavity            953.207   3.044 953.20653  3.04410000E+00  1.67070513E+07  5.08579348E+07  0.00000000E+00  2.85600000E+09
  1398  K30_2D  Lcavity            956.251   3.044 956.25063  3.04410000E+00  1.67070513E+07  5.08579348E+07  0.00000000E+00  2.85600000E+09
  1404  K30_3A1 Lcavity            956.817   0.399 956.81723  3.98600000E-01  1.55068888E+07  6.18104589E+06  0.00000000E+00  2.85600000E+09
  1406  K30_3A2 Lcavity            957.147   0.330 957.14723  3.30000000E-01  1.55068888E+07  5.11727332E+06  0.00000000E+00  2.85600000E+09
  1408  K30_3A3 Lcavity            959.463   2.316 959.46273  2.31550000E+00  1.55068888E+07  3.59062011E+07  0.00000000E+00  2.85600000E+09
  1409  K30_3B  Lcavity            962.507   3.044 962.50683  3.04410000E+00  1.55068888E+07  4.72045203E+07  0.00000000E+00  2.85600000E+09
  1410  K30_3C  Lcavity            965.551   3.044 965.55093  3.04410000E+00  1.55068888E+07  4.72045203E+07  0.00000000E+00  2.85600000E+09
  1411  K30_3D  Lcavity            967.720   2.169 967.72033  2.16940000E+00  2.17592516E+07  4.72045203E+07  0.00000000E+00  2.85600000E+09
  1419  K30_4A1 Lcavity            969.149   0.386 969.14863  3.85600000E-01  1.55068888E+07  5.97945634E+06  0.00000000E+00  2.85600000E+09
  1421  K30_4A2 Lcavity            969.428   0.279 969.42763  2.79000000E-01  1.55068888E+07  4.32642199E+06  0.00000000E+00  2.85600000E+09
  1423  K30_4A3 Lcavity            971.807   2.380 971.80713  2.37950000E+00  1.55068888E+07  3.68986420E+07  0.00000000E+00  2.85600000E+09
  1424  K30_4B  Lcavity            974.851   3.044 974.85123  3.04410000E+00  1.55068888E+07  4.72045203E+07  0.00000000E+00  2.85600000E+09
  1425  K30_4C  Lcavity            977.895   3.044 977.89533  3.04410000E+00  1.55068888E+07  4.72045203E+07  0.00000000E+00  2.85600000E+09
  1426  K30_4D  Lcavity            980.065   2.169 980.06473  2.16940000E+00  2.17592516E+07  4.72045203E+07  0.00000000E+00  2.85600000E+09
  1440  K30_5A1 Lcavity            981.480   0.373 981.48003  3.72600000E-01  1.55068888E+07  5.77786679E+06  0.00000000E+00  2.85600000E+09
  1442  K30_5A2 Lcavity            981.772   0.292 981.77203  2.92000000E-01  1.55068888E+07  4.52801154E+06  0.00000000E+00  2.85600000E+09
  1444  K30_5A3 Lcavity            984.152   2.380 984.15153  2.37950000E+00  1.55068888E+07  3.68986420E+07  0.00000000E+00  2.85600000E+09
  1445  K30_5B  Lcavity            987.196   3.044 987.19563  3.04410000E+00  1.55068888E+07  4.72045203E+07  0.00000000E+00  2.85600000E+09
  1446  K30_5C  Lcavity            990.240   3.044 990.23973  3.04410000E+00  1.55068888E+07  4.72045203E+07  0.00000000E+00  2.85600000E+09
  1447  K30_5D  Lcavity            992.409   2.169 992.40913  2.16940000E+00  2.17592516E+07  4.72045203E+07  0.00000000E+00  2.85600000E+09
  1459  K30_6A1 Lcavity            993.846   0.394 993.84583  3.94000000E-01  1.64670737E+07  6.48802703E+06  0.00000000E+00  2.85600000E+09
  1461  K30_6A2 Lcavity            994.239   0.393 994.23883  3.93000000E-01  1.64670737E+07  6.47155995E+06  0.00000000E+00  2.85600000E+09
  1463  K30_6A3 Lcavity            994.646   0.407 994.64583  4.07000000E-01  1.64670737E+07  6.70209899E+06  0.00000000E+00  2.85600000E+09
  1465  K30_6A4 Lcavity            995.627   0.981 995.62683  9.81000000E-01  1.64670737E+07  1.61541993E+07  0.00000000E+00  2.85600000E+09
  1467  K30_6A5 Lcavity            995.982   0.355 995.98183  3.55000000E-01  1.64670737E+07  5.84581115E+06  0.00000000E+00  2.85600000E+09
  1469  K30_6A6 Lcavity            996.496   0.514 996.49593  5.14100000E-01  1.64670737E+07  8.46572258E+06  0.00000000E+00  2.85600000E+09
  1470  K30_6B  Lcavity            999.540   3.044 999.54003  3.04410000E+00  1.64670737E+07  5.01274190E+07  0.00000000E+00  2.85600000E+09
  1471  K30_6C  Lcavity           1002.584   3.044 1002.5841  3.04410000E+00  1.64670737E+07  5.01274190E+07  0.00000000E+00  2.85600000E+09
  1472  K30_6D  Lcavity           1005.453   2.869 1005.4533  2.86920000E+00  1.74708696E+07  5.01274190E+07  0.00000000E+00  2.85600000E+09
  1478  K30_7A1 Lcavity           1006.178   0.381 1006.1775  3.81300000E-01  1.64670737E+07  6.27889519E+06  0.00000000E+00  2.85600000E+09
  1480  K30_7A2 Lcavity           1006.609   0.432 1006.6092  4.31700000E-01  1.64670737E+07  7.10883570E+06  0.00000000E+00  2.85600000E+09
  1482  K30_7A3 Lcavity           1006.983   0.374 1006.9832  3.74000000E-01  1.64670737E+07  6.15868555E+06  0.00000000E+00  2.85600000E+09
  1484  K30_7A4 Lcavity           1007.974   0.991 1007.9742  9.91000000E-01  1.64670737E+07  1.63188700E+07  0.00000000E+00  2.85600000E+09
  1486  K30_7A5 Lcavity           1008.333   0.359 1008.3332  3.59000000E-01  1.64670737E+07  5.91167945E+06  0.00000000E+00  2.85600000E+09
  1488  K30_7A6 Lcavity           1008.840   0.507 1008.8403  5.07100000E-01  1.64670737E+07  8.35045306E+06  0.00000000E+00  2.85600000E+09
  1489  K30_7B  Lcavity           1011.884   3.044 1011.8844  3.04410000E+00  1.64670737E+07  5.01274190E+07  0.00000000E+00  2.85600000E+09
  1490  K30_7C  Lcavity           1014.929   3.044 1014.9285  3.04410000E+00  1.64670737E+07  5.01274190E+07  0.00000000E+00  2.85600000E+09
  1491  K30_7D  Lcavity           1017.798   2.869 1017.7977  2.86920000E+00  1.74708696E+07  5.01274190E+07  0.00000000E+00  2.85600000E+09
  1497  K30_8A1 Lcavity           1018.527   0.386 1018.5265  3.85900000E-01  1.67070513E+07  6.44725109E+06  0.00000000E+00  2.85600000E+09
  1499  K30_8A2 Lcavity           1018.908   0.381 1018.9075  3.81000000E-01  1.67070513E+07  6.36538654E+06  0.00000000E+00  2.85600000E+09
  1501  K30_8A3 Lcavity           1021.185   2.277 1021.1847  2.27720000E+00  1.67070513E+07  3.80452972E+07  0.00000000E+00  2.85600000E+09
  1502  K30_8B  Lcavity           1024.229   3.044 1024.2288  3.04410000E+00  1.67070513E+07  5.08579348E+07  0.00000000E+00  2.85600000E+09
  1503  K30_8C1 Lcavity           1024.991   0.762 1024.9908  7.62000000E-01  2.36273385E+07  1.80040320E+07  0.00000000E+00  2.85600000E+09
  1505  K30_8C2 Lcavity           1026.458   1.467 1026.4577  1.46690000E+00  2.36273385E+07  3.46589429E+07  0.00000000E+00  2.85600000E+09
  1507  K30_8C3 Lcavity           1027.273   0.815 1027.2729  8.15200000E-01  2.36273385E+07  1.92610064E+07  0.00000000E+00  2.85600000E+09
  2664  XTC01   Lcavity           1713.864   0.500 1713.8645  5.00000000E-01  0.00000000E+00  0.00000000E+00  0.00000000E+00  1.14240000E+10
  2665  XTC01   Lcavity           1714.364   0.500 1714.3645  5.00000000E-01  0.00000000E+00  0.00000000E+00  0.00000000E+00  1.14240000E+10
  2669  XTC02   Lcavity           1715.237   0.500 1715.2375  5.00000000E-01  0.00000000E+00  0.00000000E+00  0.00000000E+00  1.14240000E+10
  2670  XTC02   Lcavity           1715.737   0.500 1715.7375  5.00000000E-01  0.00000000E+00  0.00000000E+00  0.00000000E+00  1.14240000E+10
